%YAML:1.0
name: "StatModel.EM"
covMatType: 1
covs:
   - !!opencv-matrix
      rows: 16
      cols: 16
      dt: d
      data: [ 8.4756716807348553e+000, 0., 0., 0., 0., 0., 0., 0., 0.,
          0., 0., 0., 0., 0., 0., 0., 0., 1.2279425502463857e+001, 0.,
          0., 0., 0., 0., 0., 0., 0., 0., 0., 0., 0., 0., 0., 0., 0.,
          1.7821191316476380e+001, 0., 0., 0., 0., 0., 0., 0., 0., 0.,
          0., 0., 0., 0., 0., 0., 0., 1.1463912270080323e+001, 0., 0.,
          0., 0., 0., 0., 0., 0., 0., 0., 0., 0., 0., 0., 0., 0.,
          8.4634635938967939e+000, 0., 0., 0., 0., 0., 0., 0., 0., 0.,
          0., 0., 0., 0., 0., 0., 0., 6.8985128211541014e+000, 0., 0.,
          0., 0., 0., 0., 0., 0., 0., 0., 0., 0., 0., 0., 0., 0.,
          8.7821438249556305e+000, 0., 0., 0., 0., 0., 0., 0., 0., 0.,
          0., 0., 0., 0., 0., 0., 0., 1.2183435058008419e+001, 0., 0.,
          0., 0., 0., 0., 0., 0., 0., 0., 0., 0., 0., 0., 0., 0.,
          2.3199484271568984e+001, 0., 0., 0., 0., 0., 0., 0., 0., 0.,
          0., 0., 0., 0., 0., 0., 0., 1.7988587894466640e+001, 0., 0.,
          0., 0., 0., 0., 0., 0., 0., 0., 0., 0., 0., 0., 0., 0.,
          1.3344984077489169e+001, 0., 0., 0., 0., 0., 0., 0., 0., 0.,
          0., 0., 0., 0., 0., 0., 0., 5.0068776308558274e+000, 0., 0.,
          0., 0., 0., 0., 0., 0., 0., 0., 0., 0., 0., 0., 0., 0.,
          3.2495367877306927e+000, 0., 0., 0., 0., 0., 0., 0., 0., 0.,
          0., 0., 0., 0., 0., 0., 0., 2.6009798571544924e+000, 0., 0.,
          0., 0., 0., 0., 0., 0., 0., 0., 0., 0., 0., 0., 0., 0.,
          3.1274494478954291e+000, 0., 0., 0., 0., 0., 0., 0., 0., 0.,
          0., 0., 0., 0., 0., 0., 0., 3.8995003076219850e+000 ]
   - !!opencv-matrix
      rows: 16
      cols: 16
      dt: d
      data: [ 5.8456843867186798e+001, 0., 0., 0., 0., 0., 0., 0., 0.,
          0., 0., 0., 0., 0., 0., 0., 0., 4.8650317092349745e+001, 0.,
          0., 0., 0., 0., 0., 0., 0., 0., 0., 0., 0., 0., 0., 0., 0.,
          4.8548523000527851e+001, 0., 0., 0., 0., 0., 0., 0., 0., 0.,
          0., 0., 0., 0., 0., 0., 0., 3.6926451308365387e+001, 0., 0.,
          0., 0., 0., 0., 0., 0., 0., 0., 0., 0., 0., 0., 0., 0.,
          3.9111393800470672e+001, 0., 0., 0., 0., 0., 0., 0., 0., 0.,
          0., 0., 0., 0., 0., 0., 0., 2.8681068540319036e+001, 0., 0.,
          0., 0., 0., 0., 0., 0., 0., 0., 0., 0., 0., 0., 0., 0.,
          3.4013448094558292e+001, 0., 0., 0., 0., 0., 0., 0., 0., 0.,
          0., 0., 0., 0., 0., 0., 0., 3.8359583812459718e+001, 0., 0.,
          0., 0., 0., 0., 0., 0., 0., 0., 0., 0., 0., 0., 0., 0.,
          5.8420510487317671e+001, 0., 0., 0., 0., 0., 0., 0., 0., 0.,
          0., 0., 0., 0., 0., 0., 0., 5.1192583906820488e+001, 0., 0.,
          0., 0., 0., 0., 0., 0., 0., 0., 0., 0., 0., 0., 0., 0.,
          5.0538968513299125e+001, 0., 0., 0., 0., 0., 0., 0., 0., 0.,
          0., 0., 0., 0., 0., 0., 0., 3.2345065154309431e+001, 0., 0.,
          0., 0., 0., 0., 0., 0., 0., 0., 0., 0., 0., 0., 0., 0.,
          4.4638303349095203e+001, 0., 0., 0., 0., 0., 0., 0., 0., 0.,
          0., 0., 0., 0., 0., 0., 0., 4.3066073472239445e+001, 0., 0.,
          0., 0., 0., 0., 0., 0., 0., 0., 0., 0., 0., 0., 0., 0.,
          5.1024554687275042e+001, 0., 0., 0., 0., 0., 0., 0., 0., 0.,
          0., 0., 0., 0., 0., 0., 0., 4.3793275379044964e+001 ]
   - !!opencv-matrix
      rows: 16
      cols: 16
      dt: d
      data: [ 8.8004650330032455e+000, 0., 0., 0., 0., 0., 0., 0., 0.,
          0., 0., 0., 0., 0., 0., 0., 0., 9.3893212483593089e+000, 0.,
          0., 0., 0., 0., 0., 0., 0., 0., 0., 0., 0., 0., 0., 0., 0.,
          1.1517257469227141e+001, 0., 0., 0., 0., 0., 0., 0., 0., 0.,
          0., 0., 0., 0., 0., 0., 0., 1.3011697094559473e+001, 0., 0.,
          0., 0., 0., 0., 0., 0., 0., 0., 0., 0., 0., 0., 0., 0.,
          2.3361701627565374e+001, 0., 0., 0., 0., 0., 0., 0., 0., 0.,
          0., 0., 0., 0., 0., 0., 0., 2.1704167110177380e+001, 0., 0.,
          0., 0., 0., 0., 0., 0., 0., 0., 0., 0., 0., 0., 0., 0.,
          2.1241978367440851e+001, 0., 0., 0., 0., 0., 0., 0., 0., 0.,
          0., 0., 0., 0., 0., 0., 0., 9.1417841687905561e+000, 0., 0.,
          0., 0., 0., 0., 0., 0., 0., 0., 0., 0., 0., 0., 0., 0.,
          6.4220971542986822e+000, 0., 0., 0., 0., 0., 0., 0., 0., 0.,
          0., 0., 0., 0., 0., 0., 0., 7.4749199682990453e+000, 0., 0.,
          0., 0., 0., 0., 0., 0., 0., 0., 0., 0., 0., 0., 0., 0.,
          1.0759027347627125e+001, 0., 0., 0., 0., 0., 0., 0., 0., 0.,
          0., 0., 0., 0., 0., 0., 0., 6.6674693192598316e+000, 0., 0.,
          0., 0., 0., 0., 0., 0., 0., 0., 0., 0., 0., 0., 0., 0.,
          7.1905610785569749e+000, 0., 0., 0., 0., 0., 0., 0., 0., 0.,
          0., 0., 0., 0., 0., 0., 0., 7.1476182822583647e+000, 0., 0.,
          0., 0., 0., 0., 0., 0., 0., 0., 0., 0., 0., 0., 0., 0.,
          8.5263033695320765e+000, 0., 0., 0., 0., 0., 0., 0., 0., 0.,
          0., 0., 0., 0., 0., 0., 0., 4.8531433697985538e+000 ]
   - !!opencv-matrix
      rows: 16
      cols: 16
      dt: d
      data: [ 3.5367059078739743e+001, 0., 0., 0., 0., 0., 0., 0., 0.,
          0., 0., 0., 0., 0., 0., 0., 0., 3.1795940644961096e+001, 0.,
          0., 0., 0., 0., 0., 0., 0., 0., 0., 0., 0., 0., 0., 0., 0.,
          3.5062705728387044e+001, 0., 0., 0., 0., 0., 0., 0., 0., 0.,
          0., 0., 0., 0., 0., 0., 0., 2.6010166719248151e+001, 0., 0.,
          0., 0., 0., 0., 0., 0., 0., 0., 0., 0., 0., 0., 0., 0.,
          4.7626937808154857e+001, 0., 0., 0., 0., 0., 0., 0., 0., 0.,
          0., 0., 0., 0., 0., 0., 0., 5.1412809561363495e+001, 0., 0.,
          0., 0., 0., 0., 0., 0., 0., 0., 0., 0., 0., 0., 0., 0.,
          6.1653426458987703e+001, 0., 0., 0., 0., 0., 0., 0., 0., 0.,
          0., 0., 0., 0., 0., 0., 0., 5.0644774294971512e+001, 0., 0.,
          0., 0., 0., 0., 0., 0., 0., 0., 0., 0., 0., 0., 0., 0.,
          7.5370160407861377e+001, 0., 0., 0., 0., 0., 0., 0., 0., 0.,
          0., 0., 0., 0., 0., 0., 0., 6.6357799856262403e+001, 0., 0.,
          0., 0., 0., 0., 0., 0., 0., 0., 0., 0., 0., 0., 0., 0.,
          6.1046083285052880e+001, 0., 0., 0., 0., 0., 0., 0., 0., 0.,
          0., 0., 0., 0., 0., 0., 0., 2.7607811122346096e+001, 0., 0.,
          0., 0., 0., 0., 0., 0., 0., 0., 0., 0., 0., 0., 0., 0.,
          3.7533192471478678e+001, 0., 0., 0., 0., 0., 0., 0., 0., 0.,
          0., 0., 0., 0., 0., 0., 0., 3.9789117785051424e+001, 0., 0.,
          0., 0., 0., 0., 0., 0., 0., 0., 0., 0., 0., 0., 0., 0.,
          4.3847900519107370e+001, 0., 0., 0., 0., 0., 0., 0., 0., 0.,
          0., 0., 0., 0., 0., 0., 0., 2.9802410961979049e+001 ]
   - !!opencv-matrix
      rows: 16
      cols: 16
      dt: d
      data: [ 2.5574450577899238e+001, 0., 0., 0., 0., 0., 0., 0., 0.,
          0., 0., 0., 0., 0., 0., 0., 0., 3.4117717514453936e+001, 0.,
          0., 0., 0., 0., 0., 0., 0., 0., 0., 0., 0., 0., 0., 0., 0.,
          5.0867697274127700e+001, 0., 0., 0., 0., 0., 0., 0., 0., 0.,
          0., 0., 0., 0., 0., 0., 0., 3.8532449512333685e+001, 0., 0.,
          0., 0., 0., 0., 0., 0., 0., 0., 0., 0., 0., 0., 0., 0.,
          3.4361474128638214e+001, 0., 0., 0., 0., 0., 0., 0., 0., 0.,
          0., 0., 0., 0., 0., 0., 0., 2.1577561701698130e+001, 0., 0.,
          0., 0., 0., 0., 0., 0., 0., 0., 0., 0., 0., 0., 0., 0.,
          2.0697717064249950e+001, 0., 0., 0., 0., 0., 0., 0., 0., 0.,
          0., 0., 0., 0., 0., 0., 0., 1.4265479210086218e+001, 0., 0.,
          0., 0., 0., 0., 0., 0., 0., 0., 0., 0., 0., 0., 0., 0.,
          3.0582171712116399e+001, 0., 0., 0., 0., 0., 0., 0., 0., 0.,
          0., 0., 0., 0., 0., 0., 0., 4.1609069713897057e+001, 0., 0.,
          0., 0., 0., 0., 0., 0., 0., 0., 0., 0., 0., 0., 0., 0.,
          5.9506304893047499e+001, 0., 0., 0., 0., 0., 0., 0., 0., 0.,
          0., 0., 0., 0., 0., 0., 0., 4.2942929734533358e+001, 0., 0.,
          0., 0., 0., 0., 0., 0., 0., 0., 0., 0., 0., 0., 0., 0.,
          3.5183699888362490e+001, 0., 0., 0., 0., 0., 0., 0., 0., 0.,
          0., 0., 0., 0., 0., 0., 0., 1.9778023694836762e+001, 0., 0.,
          0., 0., 0., 0., 0., 0., 0., 0., 0., 0., 0., 0., 0., 0.,
          1.8058394752453719e+001, 0., 0., 0., 0., 0., 0., 0., 0., 0.,
          0., 0., 0., 0., 0., 0., 0., 1.4018973370625323e+001 ]
   - !!opencv-matrix
      rows: 16
      cols: 16
      dt: d
      data: [ 1.9955198800807288e+001, 0., 0., 0., 0., 0., 0., 0., 0.,
          0., 0., 0., 0., 0., 0., 0., 0., 3.1164368344234443e+001, 0.,
          0., 0., 0., 0., 0., 0., 0., 0., 0., 0., 0., 0., 0., 0., 0.,
          4.8515469633937123e+001, 0., 0., 0., 0., 0., 0., 0., 0., 0.,
          0., 0., 0., 0., 0., 0., 0., 2.8965299008780988e+001, 0., 0.,
          0., 0., 0., 0., 0., 0., 0., 0., 0., 0., 0., 0., 0., 0.,
          1.7075421717734415e+001, 0., 0., 0., 0., 0., 0., 0., 0., 0.,
          0., 0., 0., 0., 0., 0., 0., 9.7456458420410179e+000, 0., 0.,
          0., 0., 0., 0., 0., 0., 0., 0., 0., 0., 0., 0., 0., 0.,
          1.1282566106704765e+001, 0., 0., 0., 0., 0., 0., 0., 0., 0.,
          0., 0., 0., 0., 0., 0., 0., 1.9566980402152019e+001, 0., 0.,
          0., 0., 0., 0., 0., 0., 0., 0., 0., 0., 0., 0., 0., 0.,
          3.6110558718534236e+001, 0., 0., 0., 0., 0., 0., 0., 0., 0.,
          0., 0., 0., 0., 0., 0., 0., 2.4271960210531045e+001, 0., 0.,
          0., 0., 0., 0., 0., 0., 0., 0., 0., 0., 0., 0., 0., 0.,
          1.4416210501811326e+001, 0., 0., 0., 0., 0., 0., 0., 0., 0.,
          0., 0., 0., 0., 0., 0., 0., 6.7442515054143763e+000, 0., 0.,
          0., 0., 0., 0., 0., 0., 0., 0., 0., 0., 0., 0., 0., 0.,
          9.7325206750008153e+000, 0., 0., 0., 0., 0., 0., 0., 0., 0.,
          0., 0., 0., 0., 0., 0., 0., 9.2186335837258415e+000, 0., 0.,
          0., 0., 0., 0., 0., 0., 0., 0., 0., 0., 0., 0., 0., 0.,
          9.3497896295846665e+000, 0., 0., 0., 0., 0., 0., 0., 0., 0.,
          0., 0., 0., 0., 0., 0., 0., 8.4038224577538010e+000 ]
   - !!opencv-matrix
      rows: 16
      cols: 16
      dt: d
      data: [ 4.3991103557545635e+001, 0., 0., 0., 0., 0., 0., 0., 0.,
          0., 0., 0., 0., 0., 0., 0., 0., 4.4535206360872799e+001, 0.,
          0., 0., 0., 0., 0., 0., 0., 0., 0., 0., 0., 0., 0., 0., 0.,
          6.1793188046349080e+001, 0., 0., 0., 0., 0., 0., 0., 0., 0.,
          0., 0., 0., 0., 0., 0., 0., 5.7550793957904190e+001, 0., 0.,
          0., 0., 0., 0., 0., 0., 0., 0., 0., 0., 0., 0., 0., 0.,
          7.0587755135752261e+001, 0., 0., 0., 0., 0., 0., 0., 0., 0.,
          0., 0., 0., 0., 0., 0., 0., 5.0890157034639742e+001, 0., 0.,
          0., 0., 0., 0., 0., 0., 0., 0., 0., 0., 0., 0., 0., 0.,
          4.2045609412919241e+001, 0., 0., 0., 0., 0., 0., 0., 0., 0.,
          0., 0., 0., 0., 0., 0., 0., 2.3695435313782465e+001, 0., 0.,
          0., 0., 0., 0., 0., 0., 0., 0., 0., 0., 0., 0., 0., 0.,
          3.0413472498361809e+001, 0., 0., 0., 0., 0., 0., 0., 0., 0.,
          0., 0., 0., 0., 0., 0., 0., 3.6198676302905106e+001, 0., 0.,
          0., 0., 0., 0., 0., 0., 0., 0., 0., 0., 0., 0., 0., 0.,
          6.0338419729966077e+001, 0., 0., 0., 0., 0., 0., 0., 0., 0.,
          0., 0., 0., 0., 0., 0., 0., 6.4884475201751656e+001, 0., 0.,
          0., 0., 0., 0., 0., 0., 0., 0., 0., 0., 0., 0., 0., 0.,
          7.5899763653366591e+001, 0., 0., 0., 0., 0., 0., 0., 0., 0.,
          0., 0., 0., 0., 0., 0., 0., 4.9963856301590944e+001, 0., 0.,
          0., 0., 0., 0., 0., 0., 0., 0., 0., 0., 0., 0., 0., 0.,
          4.2600242920525297e+001, 0., 0., 0., 0., 0., 0., 0., 0., 0.,
          0., 0., 0., 0., 0., 0., 0., 2.9187515801389029e+001 ]
   - !!opencv-matrix
      rows: 16
      cols: 16
      dt: d
      data: [ 2.0659216218538560e+001, 0., 0., 0., 0., 0., 0., 0., 0.,
          0., 0., 0., 0., 0., 0., 0., 0., 1.9671294625028075e+001, 0.,
          0., 0., 0., 0., 0., 0., 0., 0., 0., 0., 0., 0., 0., 0., 0.,
          2.5269744887392907e+001, 0., 0., 0., 0., 0., 0., 0., 0., 0.,
          0., 0., 0., 0., 0., 0., 0., 1.5793246627547465e+001, 0., 0.,
          0., 0., 0., 0., 0., 0., 0., 0., 0., 0., 0., 0., 0., 0.,
          1.7550200463795591e+001, 0., 0., 0., 0., 0., 0., 0., 0., 0.,
          0., 0., 0., 0., 0., 0., 0., 2.0295000761036107e+001, 0., 0.,
          0., 0., 0., 0., 0., 0., 0., 0., 0., 0., 0., 0., 0., 0.,
          2.8917159213129910e+001, 0., 0., 0., 0., 0., 0., 0., 0., 0.,
          0., 0., 0., 0., 0., 0., 0., 2.0968869621178964e+001, 0., 0.,
          0., 0., 0., 0., 0., 0., 0., 0., 0., 0., 0., 0., 0., 0.,
          2.0060093598664345e+001, 0., 0., 0., 0., 0., 0., 0., 0., 0.,
          0., 0., 0., 0., 0., 0., 0., 1.7448239395931569e+001, 0., 0.,
          0., 0., 0., 0., 0., 0., 0., 0., 0., 0., 0., 0., 0., 0.,
          2.2026468743348399e+001, 0., 0., 0., 0., 0., 0., 0., 0., 0.,
          0., 0., 0., 0., 0., 0., 0., 1.3778628033554604e+001, 0., 0.,
          0., 0., 0., 0., 0., 0., 0., 0., 0., 0., 0., 0., 0., 0.,
          1.7746759010613360e+001, 0., 0., 0., 0., 0., 0., 0., 0., 0.,
          0., 0., 0., 0., 0., 0., 0., 1.9525795578480157e+001, 0., 0.,
          0., 0., 0., 0., 0., 0., 0., 0., 0., 0., 0., 0., 0., 0.,
          2.5009582343538256e+001, 0., 0., 0., 0., 0., 0., 0., 0., 0.,
          0., 0., 0., 0., 0., 0., 0., 1.8064620188624815e+001 ]
   - !!opencv-matrix
      rows: 16
      cols: 16
      dt: d
      data: [ 1.8820581996894283e+001, 0., 0., 0., 0., 0., 0., 0., 0.,
          0., 0., 0., 0., 0., 0., 0., 0., 1.7636109967746449e+001, 0.,
          0., 0., 0., 0., 0., 0., 0., 0., 0., 0., 0., 0., 0., 0., 0.,
          2.4821948875922125e+001, 0., 0., 0., 0., 0., 0., 0., 0., 0.,
          0., 0., 0., 0., 0., 0., 0., 3.2564564282708425e+001, 0., 0.,
          0., 0., 0., 0., 0., 0., 0., 0., 0., 0., 0., 0., 0., 0.,
          5.2638709320289053e+001, 0., 0., 0., 0., 0., 0., 0., 0., 0.,
          0., 0., 0., 0., 0., 0., 0., 4.6485785645509623e+001, 0., 0.,
          0., 0., 0., 0., 0., 0., 0., 0., 0., 0., 0., 0., 0., 0.,
          4.0039933181661610e+001, 0., 0., 0., 0., 0., 0., 0., 0., 0.,
          0., 0., 0., 0., 0., 0., 0., 1.5171863775947742e+001, 0., 0.,
          0., 0., 0., 0., 0., 0., 0., 0., 0., 0., 0., 0., 0., 0.,
          1.6008181734388245e+001, 0., 0., 0., 0., 0., 0., 0., 0., 0.,
          0., 0., 0., 0., 0., 0., 0., 1.7924665266584334e+001, 0., 0.,
          0., 0., 0., 0., 0., 0., 0., 0., 0., 0., 0., 0., 0., 0.,
          1.9989729797125648e+001, 0., 0., 0., 0., 0., 0., 0., 0., 0.,
          0., 0., 0., 0., 0., 0., 0., 1.2189229654220341e+001, 0., 0.,
          0., 0., 0., 0., 0., 0., 0., 0., 0., 0., 0., 0., 0., 0.,
          1.3284918482781444e+001, 0., 0., 0., 0., 0., 0., 0., 0., 0.,
          0., 0., 0., 0., 0., 0., 0., 1.1426646757150028e+001, 0., 0.,
          0., 0., 0., 0., 0., 0., 0., 0., 0., 0., 0., 0., 0., 0.,
          1.1544894755760467e+001, 0., 0., 0., 0., 0., 0., 0., 0., 0.,
          0., 0., 0., 0., 0., 0., 0., 1.1394961875738636e+001 ]
   - !!opencv-matrix
      rows: 16
      cols: 16
      dt: d
      data: [ 6.2166668294817713e+000, 0., 0., 0., 0., 0., 0., 0., 0.,
          0., 0., 0., 0., 0., 0., 0., 0., 5.8016345092331711e+000, 0.,
          0., 0., 0., 0., 0., 0., 0., 0., 0., 0., 0., 0., 0., 0., 0.,
          6.6109373888466827e+000, 0., 0., 0., 0., 0., 0., 0., 0., 0.,
          0., 0., 0., 0., 0., 0., 0., 7.3041039449457861e+000, 0., 0.,
          0., 0., 0., 0., 0., 0., 0., 0., 0., 0., 0., 0., 0., 0.,
          1.2143448321322136e+001, 0., 0., 0., 0., 0., 0., 0., 0., 0.,
          0., 0., 0., 0., 0., 0., 0., 1.3094882740414677e+001, 0., 0.,
          0., 0., 0., 0., 0., 0., 0., 0., 0., 0., 0., 0., 0., 0.,
          1.3620905521279981e+001, 0., 0., 0., 0., 0., 0., 0., 0., 0.,
          0., 0., 0., 0., 0., 0., 0., 6.5888203237815643e+000, 0., 0.,
          0., 0., 0., 0., 0., 0., 0., 0., 0., 0., 0., 0., 0., 0.,
          5.9602363817009394e+000, 0., 0., 0., 0., 0., 0., 0., 0., 0.,
          0., 0., 0., 0., 0., 0., 0., 5.8402768193647230e+000, 0., 0.,
          0., 0., 0., 0., 0., 0., 0., 0., 0., 0., 0., 0., 0., 0.,
          6.5093642511484022e+000, 0., 0., 0., 0., 0., 0., 0., 0., 0.,
          0., 0., 0., 0., 0., 0., 0., 7.3167357684613625e+000, 0., 0.,
          0., 0., 0., 0., 0., 0., 0., 0., 0., 0., 0., 0., 0., 0.,
          1.3114419581362730e+001, 0., 0., 0., 0., 0., 0., 0., 0., 0.,
          0., 0., 0., 0., 0., 0., 0., 1.3280947802195245e+001, 0., 0.,
          0., 0., 0., 0., 0., 0., 0., 0., 0., 0., 0., 0., 0., 0.,
          1.3012008243509062e+001, 0., 0., 0., 0., 0., 0., 0., 0., 0.,
          0., 0., 0., 0., 0., 0., 0., 7.0514567609347321e+000 ]
   - !!opencv-matrix
      rows: 16
      cols: 16
      dt: d
      data: [ 6.0684234324908942e+001, 0., 0., 0., 0., 0., 0., 0., 0.,
          0., 0., 0., 0., 0., 0., 0., 0., 4.6789097965971244e+001, 0.,
          0., 0., 0., 0., 0., 0., 0., 0., 0., 0., 0., 0., 0., 0., 0.,
          4.3596897776201082e+001, 0., 0., 0., 0., 0., 0., 0., 0., 0.,
          0., 0., 0., 0., 0., 0., 0., 2.8103587085593304e+001, 0., 0.,
          0., 0., 0., 0., 0., 0., 0., 0., 0., 0., 0., 0., 0., 0.,
          3.7341537744874699e+001, 0., 0., 0., 0., 0., 0., 0., 0., 0.,
          0., 0., 0., 0., 0., 0., 0., 3.4668734719467672e+001, 0., 0.,
          0., 0., 0., 0., 0., 0., 0., 0., 0., 0., 0., 0., 0., 0.,
          4.9888201366957411e+001, 0., 0., 0., 0., 0., 0., 0., 0., 0.,
          0., 0., 0., 0., 0., 0., 0., 5.0830084214847915e+001, 0., 0.,
          0., 0., 0., 0., 0., 0., 0., 0., 0., 0., 0., 0., 0., 0.,
          6.5932142815060232e+001, 0., 0., 0., 0., 0., 0., 0., 0., 0.,
          0., 0., 0., 0., 0., 0., 0., 5.2916797485949218e+001, 0., 0.,
          0., 0., 0., 0., 0., 0., 0., 0., 0., 0., 0., 0., 0., 0.,
          5.6513471868009653e+001, 0., 0., 0., 0., 0., 0., 0., 0., 0.,
          0., 0., 0., 0., 0., 0., 0., 3.8327890567088268e+001, 0., 0.,
          0., 0., 0., 0., 0., 0., 0., 0., 0., 0., 0., 0., 0., 0.,
          3.3670165735398541e+001, 0., 0., 0., 0., 0., 0., 0., 0., 0.,
          0., 0., 0., 0., 0., 0., 0., 2.9174122233322823e+001, 0., 0.,
          0., 0., 0., 0., 0., 0., 0., 0., 0., 0., 0., 0., 0., 0.,
          4.5163351637337769e+001, 0., 0., 0., 0., 0., 0., 0., 0., 0.,
          0., 0., 0., 0., 0., 0., 0., 4.7841025825066353e+001 ]
   - !!opencv-matrix
      rows: 16
      cols: 16
      dt: d
      data: [ 2.8230734085471472e+001, 0., 0., 0., 0., 0., 0., 0., 0.,
          0., 0., 0., 0., 0., 0., 0., 0., 2.2629431207013624e+001, 0.,
          0., 0., 0., 0., 0., 0., 0., 0., 0., 0., 0., 0., 0., 0., 0.,
          2.6839998214178177e+001, 0., 0., 0., 0., 0., 0., 0., 0., 0.,
          0., 0., 0., 0., 0., 0., 0., 2.9480923273424377e+001, 0., 0.,
          0., 0., 0., 0., 0., 0., 0., 0., 0., 0., 0., 0., 0., 0.,
          4.5087357929837601e+001, 0., 0., 0., 0., 0., 0., 0., 0., 0.,
          0., 0., 0., 0., 0., 0., 0., 4.0271061731839168e+001, 0., 0.,
          0., 0., 0., 0., 0., 0., 0., 0., 0., 0., 0., 0., 0., 0.,
          3.7298847251126475e+001, 0., 0., 0., 0., 0., 0., 0., 0., 0.,
          0., 0., 0., 0., 0., 0., 0., 2.0406166214217873e+001, 0., 0.,
          0., 0., 0., 0., 0., 0., 0., 0., 0., 0., 0., 0., 0., 0.,
          2.6150174168320131e+001, 0., 0., 0., 0., 0., 0., 0., 0., 0.,
          0., 0., 0., 0., 0., 0., 0., 2.5212552354244643e+001, 0., 0.,
          0., 0., 0., 0., 0., 0., 0., 0., 0., 0., 0., 0., 0., 0.,
          2.5211036143288929e+001, 0., 0., 0., 0., 0., 0., 0., 0., 0.,
          0., 0., 0., 0., 0., 0., 0., 1.4931839484237944e+001, 0., 0.,
          0., 0., 0., 0., 0., 0., 0., 0., 0., 0., 0., 0., 0., 0.,
          1.6959067681599052e+001, 0., 0., 0., 0., 0., 0., 0., 0., 0.,
          0., 0., 0., 0., 0., 0., 0., 1.4508294367477658e+001, 0., 0.,
          0., 0., 0., 0., 0., 0., 0., 0., 0., 0., 0., 0., 0., 0.,
          1.6100242228107522e+001, 0., 0., 0., 0., 0., 0., 0., 0., 0.,
          0., 0., 0., 0., 0., 0., 0., 1.9089616066312654e+001 ]
   - !!opencv-matrix
      rows: 16
      cols: 16
      dt: d
      data: [ 8.6168199168795088e+000, 0., 0., 0., 0., 0., 0., 0., 0.,
          0., 0., 0., 0., 0., 0., 0., 0., 1.0876005596340466e+001, 0.,
          0., 0., 0., 0., 0., 0., 0., 0., 0., 0., 0., 0., 0., 0., 0.,
          1.3970290699265464e+001, 0., 0., 0., 0., 0., 0., 0., 0., 0.,
          0., 0., 0., 0., 0., 0., 0., 1.0213848343769639e+001, 0., 0.,
          0., 0., 0., 0., 0., 0., 0., 0., 0., 0., 0., 0., 0., 0.,
          8.8537542824186755e+000, 0., 0., 0., 0., 0., 0., 0., 0., 0.,
          0., 0., 0., 0., 0., 0., 0., 7.1214621458212495e+000, 0., 0.,
          0., 0., 0., 0., 0., 0., 0., 0., 0., 0., 0., 0., 0., 0.,
          6.4864036858304814e+000, 0., 0., 0., 0., 0., 0., 0., 0., 0.,
          0., 0., 0., 0., 0., 0., 0., 5.0210759227702564e+000, 0., 0.,
          0., 0., 0., 0., 0., 0., 0., 0., 0., 0., 0., 0., 0., 0.,
          7.7308326677385200e+000, 0., 0., 0., 0., 0., 0., 0., 0., 0.,
          0., 0., 0., 0., 0., 0., 0., 1.0975684365000781e+001, 0., 0.,
          0., 0., 0., 0., 0., 0., 0., 0., 0., 0., 0., 0., 0., 0.,
          1.6902613160871617e+001, 0., 0., 0., 0., 0., 0., 0., 0., 0.,
          0., 0., 0., 0., 0., 0., 0., 1.2831552361383894e+001, 0., 0.,
          0., 0., 0., 0., 0., 0., 0., 0., 0., 0., 0., 0., 0., 0.,
          1.0720880950039415e+001, 0., 0., 0., 0., 0., 0., 0., 0., 0.,
          0., 0., 0., 0., 0., 0., 0., 8.0680577567642011e+000, 0., 0.,
          0., 0., 0., 0., 0., 0., 0., 0., 0., 0., 0., 0., 0., 0.,
          7.1604327615013039e+000, 0., 0., 0., 0., 0., 0., 0., 0., 0.,
          0., 0., 0., 0., 0., 0., 0., 5.5307533596702898e+000 ]
   - !!opencv-matrix
      rows: 16
      cols: 16
      dt: d
      data: [ 5.3873963355451862e+000, 0., 0., 0., 0., 0., 0., 0., 0.,
          0., 0., 0., 0., 0., 0., 0., 0., 6.5601320133635861e+000, 0.,
          0., 0., 0., 0., 0., 0., 0., 0., 0., 0., 0., 0., 0., 0., 0.,
          9.1690560684481213e+000, 0., 0., 0., 0., 0., 0., 0., 0., 0.,
          0., 0., 0., 0., 0., 0., 0., 1.2007415269337454e+001, 0., 0.,
          0., 0., 0., 0., 0., 0., 0., 0., 0., 0., 0., 0., 0., 0.,
          2.2842185354968336e+001, 0., 0., 0., 0., 0., 0., 0., 0., 0.,
          0., 0., 0., 0., 0., 0., 0., 2.1433590008331098e+001, 0., 0.,
          0., 0., 0., 0., 0., 0., 0., 0., 0., 0., 0., 0., 0., 0.,
          2.1103413808791053e+001, 0., 0., 0., 0., 0., 0., 0., 0., 0.,
          0., 0., 0., 0., 0., 0., 0., 8.1858560674989036e+000, 0., 0.,
          0., 0., 0., 0., 0., 0., 0., 0., 0., 0., 0., 0., 0., 0.,
          4.3286186514660825e+000, 0., 0., 0., 0., 0., 0., 0., 0., 0.,
          0., 0., 0., 0., 0., 0., 0., 5.8829937309198828e+000, 0., 0.,
          0., 0., 0., 0., 0., 0., 0., 0., 0., 0., 0., 0., 0., 0.,
          9.3441412455910076e+000, 0., 0., 0., 0., 0., 0., 0., 0., 0.,
          0., 0., 0., 0., 0., 0., 0., 6.2612344272026013e+000, 0., 0.,
          0., 0., 0., 0., 0., 0., 0., 0., 0., 0., 0., 0., 0., 0.,
          5.0491457855209676e+000, 0., 0., 0., 0., 0., 0., 0., 0., 0.,
          0., 0., 0., 0., 0., 0., 0., 4.3991665810884371e+000, 0., 0.,
          0., 0., 0., 0., 0., 0., 0., 0., 0., 0., 0., 0., 0., 0.,
          4.9932582283582541e+000, 0., 0., 0., 0., 0., 0., 0., 0., 0.,
          0., 0., 0., 0., 0., 0., 0., 2.9393984650387290e+000 ]
   - !!opencv-matrix
      rows: 16
      cols: 16
      dt: d
      data: [ 7.1760884839218297e+000, 0., 0., 0., 0., 0., 0., 0., 0.,
          0., 0., 0., 0., 0., 0., 0., 0., 8.6504168724258399e+000, 0.,
          0., 0., 0., 0., 0., 0., 0., 0., 0., 0., 0., 0., 0., 0., 0.,
          1.0736440861586949e+001, 0., 0., 0., 0., 0., 0., 0., 0., 0.,
          0., 0., 0., 0., 0., 0., 0., 7.1120409240419740e+000, 0., 0.,
          0., 0., 0., 0., 0., 0., 0., 0., 0., 0., 0., 0., 0., 0.,
          6.4931039243603337e+000, 0., 0., 0., 0., 0., 0., 0., 0., 0.,
          0., 0., 0., 0., 0., 0., 0., 5.3599258190171417e+000, 0., 0.,
          0., 0., 0., 0., 0., 0., 0., 0., 0., 0., 0., 0., 0., 0.,
          4.9896871681948207e+000, 0., 0., 0., 0., 0., 0., 0., 0., 0.,
          0., 0., 0., 0., 0., 0., 0., 3.8255226664222728e+000, 0., 0.,
          0., 0., 0., 0., 0., 0., 0., 0., 0., 0., 0., 0., 0., 0.,
          5.8925228338700224e+000, 0., 0., 0., 0., 0., 0., 0., 0., 0.,
          0., 0., 0., 0., 0., 0., 0., 7.1338511341492570e+000, 0., 0.,
          0., 0., 0., 0., 0., 0., 0., 0., 0., 0., 0., 0., 0., 0.,
          9.4241517801686587e+000, 0., 0., 0., 0., 0., 0., 0., 0., 0.,
          0., 0., 0., 0., 0., 0., 0., 7.5106599812985912e+000, 0., 0.,
          0., 0., 0., 0., 0., 0., 0., 0., 0., 0., 0., 0., 0., 0.,
          7.3787113781176155e+000, 0., 0., 0., 0., 0., 0., 0., 0., 0.,
          0., 0., 0., 0., 0., 0., 0., 6.0042637271844628e+000, 0., 0.,
          0., 0., 0., 0., 0., 0., 0., 0., 0., 0., 0., 0., 0., 0.,
          5.6326745412188925e+000, 0., 0., 0., 0., 0., 0., 0., 0., 0.,
          0., 0., 0., 0., 0., 0., 0., 4.4480052262804977e+000 ]
   - !!opencv-matrix
      rows: 16
      cols: 16
      dt: d
      data: [ 1.8296057753523478e+001, 0., 0., 0., 0., 0., 0., 0., 0.,
          0., 0., 0., 0., 0., 0., 0., 0., 1.9767825058338229e+001, 0.,
          0., 0., 0., 0., 0., 0., 0., 0., 0., 0., 0., 0., 0., 0., 0.,
          2.2868330989936645e+001, 0., 0., 0., 0., 0., 0., 0., 0., 0.,
          0., 0., 0., 0., 0., 0., 0., 1.4937674618774690e+001, 0., 0.,
          0., 0., 0., 0., 0., 0., 0., 0., 0., 0., 0., 0., 0., 0.,
          1.7325929653173503e+001, 0., 0., 0., 0., 0., 0., 0., 0., 0.,
          0., 0., 0., 0., 0., 0., 0., 1.5765486107982749e+001, 0., 0.,
          0., 0., 0., 0., 0., 0., 0., 0., 0., 0., 0., 0., 0., 0.,
          1.6522388854766515e+001, 0., 0., 0., 0., 0., 0., 0., 0., 0.,
          0., 0., 0., 0., 0., 0., 0., 1.5899613681876927e+001, 0., 0.,
          0., 0., 0., 0., 0., 0., 0., 0., 0., 0., 0., 0., 0., 0.,
          2.9879323094828599e+001, 0., 0., 0., 0., 0., 0., 0., 0., 0.,
          0., 0., 0., 0., 0., 0., 0., 3.1396051205121484e+001, 0., 0.,
          0., 0., 0., 0., 0., 0., 0., 0., 0., 0., 0., 0., 0., 0.,
          3.4929458430457316e+001, 0., 0., 0., 0., 0., 0., 0., 0., 0.,
          0., 0., 0., 0., 0., 0., 0., 2.0883677627329646e+001, 0., 0.,
          0., 0., 0., 0., 0., 0., 0., 0., 0., 0., 0., 0., 0., 0.,
          1.9093243675074461e+001, 0., 0., 0., 0., 0., 0., 0., 0., 0.,
          0., 0., 0., 0., 0., 0., 0., 1.8316566867586875e+001, 0., 0.,
          0., 0., 0., 0., 0., 0., 0., 0., 0., 0., 0., 0., 0., 0.,
          2.0997256870220461e+001, 0., 0., 0., 0., 0., 0., 0., 0., 0.,
          0., 0., 0., 0., 0., 0., 0., 1.3404627402514796e+001 ]
   - !!opencv-matrix
      rows: 16
      cols: 16
      dt: d
      data: [ 2.6825342513361733e+001, 0., 0., 0., 0., 0., 0., 0., 0.,
          0., 0., 0., 0., 0., 0., 0., 0., 3.1697775911197805e+001, 0.,
          0., 0., 0., 0., 0., 0., 0., 0., 0., 0., 0., 0., 0., 0., 0.,
          4.2030404796822992e+001, 0., 0., 0., 0., 0., 0., 0., 0., 0.,
          0., 0., 0., 0., 0., 0., 0., 3.3550516692991124e+001, 0., 0.,
          0., 0., 0., 0., 0., 0., 0., 0., 0., 0., 0., 0., 0., 0.,
          3.1415872813068255e+001, 0., 0., 0., 0., 0., 0., 0., 0., 0.,
          0., 0., 0., 0., 0., 0., 0., 2.5416306836682509e+001, 0., 0.,
          0., 0., 0., 0., 0., 0., 0., 0., 0., 0., 0., 0., 0., 0.,
          3.6565644469562280e+001, 0., 0., 0., 0., 0., 0., 0., 0., 0.,
          0., 0., 0., 0., 0., 0., 0., 3.3286818648163923e+001, 0., 0.,
          0., 0., 0., 0., 0., 0., 0., 0., 0., 0., 0., 0., 0., 0.,
          2.6999091860025867e+001, 0., 0., 0., 0., 0., 0., 0., 0., 0.,
          0., 0., 0., 0., 0., 0., 0., 1.4574287304929506e+001, 0., 0.,
          0., 0., 0., 0., 0., 0., 0., 0., 0., 0., 0., 0., 0., 0.,
          1.2579516624849497e+001, 0., 0., 0., 0., 0., 0., 0., 0., 0.,
          0., 0., 0., 0., 0., 0., 0., 9.2125309714535497e+000, 0., 0.,
          0., 0., 0., 0., 0., 0., 0., 0., 0., 0., 0., 0., 0., 0.,
          2.3110343045855622e+001, 0., 0., 0., 0., 0., 0., 0., 0., 0.,
          0., 0., 0., 0., 0., 0., 0., 2.8005087222012047e+001, 0., 0.,
          0., 0., 0., 0., 0., 0., 0., 0., 0., 0., 0., 0., 0., 0.,
          2.9935239901331407e+001, 0., 0., 0., 0., 0., 0., 0., 0., 0.,
          0., 0., 0., 0., 0., 0., 0., 1.5708180991483262e+001 ]
   - !!opencv-matrix
      rows: 16
      cols: 16
      dt: d
      data: [ 3.2616838871713519e+001, 0., 0., 0., 0., 0., 0., 0., 0.,
          0., 0., 0., 0., 0., 0., 0., 0., 3.7661069514433471e+001, 0.,
          0., 0., 0., 0., 0., 0., 0., 0., 0., 0., 0., 0., 0., 0., 0.,
          5.1450772377727134e+001, 0., 0., 0., 0., 0., 0., 0., 0., 0.,
          0., 0., 0., 0., 0., 0., 0., 5.2704990344533549e+001, 0., 0.,
          0., 0., 0., 0., 0., 0., 0., 0., 0., 0., 0., 0., 0., 0.,
          6.6730677721963715e+001, 0., 0., 0., 0., 0., 0., 0., 0., 0.,
          0., 0., 0., 0., 0., 0., 0., 5.0294619155804803e+001, 0., 0.,
          0., 0., 0., 0., 0., 0., 0., 0., 0., 0., 0., 0., 0., 0.,
          4.4055583912230979e+001, 0., 0., 0., 0., 0., 0., 0., 0., 0.,
          0., 0., 0., 0., 0., 0., 0., 2.6294534265554649e+001, 0., 0.,
          0., 0., 0., 0., 0., 0., 0., 0., 0., 0., 0., 0., 0., 0.,
          4.3294820771048997e+001, 0., 0., 0., 0., 0., 0., 0., 0., 0.,
          0., 0., 0., 0., 0., 0., 0., 5.0939129955759171e+001, 0., 0.,
          0., 0., 0., 0., 0., 0., 0., 0., 0., 0., 0., 0., 0., 0.,
          7.3090430522016817e+001, 0., 0., 0., 0., 0., 0., 0., 0., 0.,
          0., 0., 0., 0., 0., 0., 0., 6.6276339984360391e+001, 0., 0.,
          0., 0., 0., 0., 0., 0., 0., 0., 0., 0., 0., 0., 0., 0.,
          7.3991751581110719e+001, 0., 0., 0., 0., 0., 0., 0., 0., 0.,
          0., 0., 0., 0., 0., 0., 0., 4.7864646825868846e+001, 0., 0.,
          0., 0., 0., 0., 0., 0., 0., 0., 0., 0., 0., 0., 0., 0.,
          3.2659388978558859e+001, 0., 0., 0., 0., 0., 0., 0., 0., 0.,
          0., 0., 0., 0., 0., 0., 0., 1.7621795466438851e+001 ]
   - !!opencv-matrix
      rows: 16
      cols: 16
      dt: d
      data: [ 3.7656050103842922e+001, 0., 0., 0., 0., 0., 0., 0., 0.,
          0., 0., 0., 0., 0., 0., 0., 0., 3.5015525628204287e+001, 0.,
          0., 0., 0., 0., 0., 0., 0., 0., 0., 0., 0., 0., 0., 0., 0.,
          3.8613827889774335e+001, 0., 0., 0., 0., 0., 0., 0., 0., 0.,
          0., 0., 0., 0., 0., 0., 0., 2.2976775090599755e+001, 0., 0.,
          0., 0., 0., 0., 0., 0., 0., 0., 0., 0., 0., 0., 0., 0.,
          2.3311717351148065e+001, 0., 0., 0., 0., 0., 0., 0., 0., 0.,
          0., 0., 0., 0., 0., 0., 0., 2.5150661187503246e+001, 0., 0.,
          0., 0., 0., 0., 0., 0., 0., 0., 0., 0., 0., 0., 0., 0.,
          3.6164970627797047e+001, 0., 0., 0., 0., 0., 0., 0., 0., 0.,
          0., 0., 0., 0., 0., 0., 0., 3.4051380606985965e+001, 0., 0.,
          0., 0., 0., 0., 0., 0., 0., 0., 0., 0., 0., 0., 0., 0.,
          4.8336601775826225e+001, 0., 0., 0., 0., 0., 0., 0., 0., 0.,
          0., 0., 0., 0., 0., 0., 0., 4.6935254045990497e+001, 0., 0.,
          0., 0., 0., 0., 0., 0., 0., 0., 0., 0., 0., 0., 0., 0.,
          5.7753622300271239e+001, 0., 0., 0., 0., 0., 0., 0., 0., 0.,
          0., 0., 0., 0., 0., 0., 0., 3.9718611945658701e+001, 0., 0.,
          0., 0., 0., 0., 0., 0., 0., 0., 0., 0., 0., 0., 0., 0.,
          3.8157724283442541e+001, 0., 0., 0., 0., 0., 0., 0., 0., 0.,
          0., 0., 0., 0., 0., 0., 0., 3.1269728998059175e+001, 0., 0.,
          0., 0., 0., 0., 0., 0., 0., 0., 0., 0., 0., 0., 0., 0.,
          3.9405103931768622e+001, 0., 0., 0., 0., 0., 0., 0., 0., 0.,
          0., 0., 0., 0., 0., 0., 0., 3.1974070585029306e+001 ]
epsilon: 1.1920928955078125e-007
maxIters: 100
means: !!opencv-matrix
   rows: 19
   cols: 16
   dt: d
   data: [ -9.9407648330660940e+000, -3.2175186782173513e+000,
       5.2219372009341498e+000, 1.6273945221852028e+001,
       2.7622257239038252e+001, 2.8746542755073094e+001,
       2.9606144524210269e+001, 2.0417116940222780e+001,
       1.1073084862929930e+001, 1.9536963099427862e+000,
       -5.6657695933440877e+000, -1.2034440481206328e+001,
       -1.6506813235939191e+001, -1.6933004426751744e+001,
       -1.7369208521200417e+001, -1.4283548980290474e+001,
       2.9205288291032655e+001, 2.6895936750073844e+001,
       2.3752536113694443e+001, 1.2117153077526476e+001,
       -1.4351266063042734e+000, -1.0713606340124404e+001,
       -1.9490695093486636e+001, -2.4559615093835085e+001,
       -2.9290625029700248e+001, -2.7311110241796470e+001,
       -2.5286241138353141e+001, -1.4675305324860947e+001,
       -2.4737013543764710e+000, 7.9911720625520681e+000,
       1.7557746881168445e+001, 2.4321825576079966e+001,
       1.1008657316728751e+001, 1.4652774636279624e+000,
       -7.6823550463255090e+000, -1.6148129247139451e+001,
       -2.3068008323342223e+001, -2.3390138943610442e+001,
       -2.3703461178603568e+001, -1.7809820838109633e+001,
       -1.0830913418659526e+001, -2.1071720612409144e+000,
       7.2540034597289518e+000, 1.7458700270107713e+001,
       2.6546469243745268e+001, 2.7140705052402268e+001,
       2.7588413010910568e+001, 1.9817981145927192e+001,
       -2.9234734974028925e+001, -2.8244914940972773e+001,
       -2.7426370919971617e+001, -1.8182610704323029e+001,
       -8.0702981477805746e+000, 2.0157120200132606e+000,
       1.1464243338783731e+001, 2.0135744411106327e+001,
       2.6485271222235482e+001, 2.5789493369012320e+001,
       2.4361052285600564e+001, 1.5406101912939468e+001,
       4.1728335516912507e+000, -5.3973949583075420e+000,
       -1.4968356349311215e+001, -2.2346485812262262e+001,
       1.9685469312556414e+001, 2.4332858624177156e+001,
       2.8238989516139597e+001, 2.5678467368252765e+001,
       2.2240741579084425e+001, 1.4379251902012776e+001,
       5.4471001447186769e+000, -8.2558057801363844e+000,
       -2.0728357022010456e+001, -2.4396271529219025e+001,
       -2.7825154156910543e+001, -2.5196544431333496e+001,
       -2.2588101577602281e+001, -1.5407354597039792e+001,
       -7.5040139346740879e+000, 6.5525374533871323e+000,
       7.8219421666146642e+000, 8.6747769079215076e-001,
       -8.1369038881128049e+000, -1.8384631604568686e+001,
       -2.9311425007089522e+001, -2.9764841016560869e+001,
       -3.0106660184556027e+001, -1.9879152697348104e+001,
       -1.0123069914454110e+001, -9.4333672921628153e-001,
       6.2517269596699210e+000, 1.2053476079627206e+001,
       1.5345427015065511e+001, 1.5579061179855470e+001,
       1.5673152500795236e+001, 1.2888062491524709e+001,
       -9.8087668096605345e+000, -1.6396076584964735e+001,
       -2.2658078220574627e+001, -2.4501459669216331e+001,
       -2.6354109018270684e+001, -2.2109723615115897e+001,
       -1.7531082398469280e+001, -4.8441679451077579e+000,
       8.2132891164649600e+000, 1.5893999013974156e+001,
       2.2559867047031574e+001, 2.4397890679352980e+001,
       2.5030293868506128e+001, 2.0174766798649276e+001,
       1.4618913084995588e+001, 2.6255667920981645e+000,
       -2.0695978653511517e+001, -1.2772915039243776e+001,
       -4.3825470318222584e+000, 8.7449608434961270e+000,
       2.0561655058068059e+001, 2.4334478871226946e+001,
       2.7488366223622947e+001, 2.4284091892053880e+001,
       1.9948952748451685e+001, 1.1804524345795778e+001,
       2.6807220350848002e+000, -1.0098718846525465e+001,
       -2.1792165049695623e+001, -2.4977577319034744e+001,
       -2.8029869770273901e+001, -2.4540275499802782e+001,
       -5.0149287169596439e+000, 5.0034881412530696e+000,
       1.3885919738965528e+001, 2.0566729602710819e+001,
       2.5407244460453867e+001, 2.4412383579725539e+001,
       2.3054196946872338e+001, 1.4537312853569150e+001,
       3.2698491614263543e+000, -6.6775015083950047e+000,
       -1.6736560480511059e+001, -2.3924178207555279e+001,
       -3.0416726684275716e+001, -2.8788593549729207e+001,
       -2.7172085051942823e+001, -1.6417568076008219e+001,
       -3.1210027576076463e+001, -3.2116457203492146e+001,
       -3.2871537374128778e+001, -2.5447134114178109e+001,
       -1.5974665173347722e+001, -3.8172793326399779e+000,
       8.8897800585769104e+000, 2.1820923289985590e+001,
       3.1704990309430716e+001, 3.2622171451362334e+001,
       3.3294106557954287e+001, 2.6181732171190472e+001,
       1.6537346576600864e+001, 4.2079260049844409e+000,
       -8.5871431632936766e+000, -2.1317878588510307e+001,
       -2.5959139061026477e+001, -2.1489972492367890e+001,
       -1.6777194455673968e+001, -4.4352589093239008e+000,
       8.4800347573844910e+000, 1.6426331833135329e+001,
       2.3499455008666658e+001, 2.5818499704811444e+001,
       2.6726437493143532e+001, 2.1504935492830374e+001,
       1.5430231369861211e+001, 2.0021165617505523e+000,
       -1.1791657020079285e+001, -1.8365285480993812e+001,
       -2.4280152858509808e+001, -2.5098340507095720e+001,
       8.8863322017904012e-001, -8.8252551468901945e+000,
       -1.7411149800060734e+001, -2.2658287013849886e+001,
       -2.7061859499183690e+001, -2.5442779017189320e+001,
       -2.3716733460986379e+001, -1.4342510298533327e+001,
       -2.7800277649918663e+000, 7.6544124347338771e+000,
       1.7977079426939916e+001, 2.5599240279788209e+001,
       3.1780581537878849e+001, 2.9627671069946750e+001,
       2.7018031109366632e+001, 1.4562230038409941e+001,
       1.6201096008933877e+001, 5.5551382319734657e+000,
       -5.6554439926139661e+000, -1.7525919310281168e+001,
       -2.7446765642895148e+001, -2.8776051123147735e+001,
       -3.0110653700218720e+001, -2.4070454696768973e+001,
       -1.6890725512155708e+001, -6.6466143328323586e+000,
       4.1980395001339943e+000, 1.6947743217115612e+001,
       2.7311577761013282e+001, 2.8933240867267365e+001,
       3.0312056029431901e+001, 2.4208274116522631e+001,
       -1.1970535156158904e+001, -2.1328388561936062e+000,
       7.2919875756132706e+000, 1.6479073792785869e+001,
       2.3476192615037210e+001, 2.3916835384193071e+001,
       2.4236328218021942e+001, 1.8392108258063935e+001,
       1.0967959197276519e+001, 2.0060649907419474e+000,
       -7.6995046301947676e+000, -1.7730722438977587e+001,
       -2.6805568786682844e+001, -2.7385069065367109e+001,
       -2.7979368380248253e+001, -2.0352884586574813e+001,
       -1.6276273150138557e+001, -5.6731819153235463e+000,
       5.3727915021546311e+000, 1.7700262178436109e+001,
       2.7628144673225545e+001, 2.8959659415100671e+001,
       3.0081537010846542e+001, 2.3831624603508242e+001,
       1.5908575399336430e+001, 5.4279362586872386e+000,
       -5.7522610943491532e+000, -1.7849815339416153e+001,
       -2.7917399325583002e+001, -2.9195419034254350e+001,
       -3.0404164517782483e+001, -2.3983974950448442e+001,
       2.8472042781616956e+001, 2.9696992807128225e+001,
       3.0683093157868065e+001, 2.3805513934809305e+001,
       1.4963369568052656e+001, 3.9989595565186877e+000,
       -7.4105555338647724e+000, -1.8943523881285962e+001,
       -2.8313149307072170e+001, -2.9199537090448235e+001,
       -3.0066259304587032e+001, -2.3546458311404162e+001,
       -1.5581838453263623e+001, -4.9377006513773241e+000,
       6.2149702846326500e+000, 1.8523076277031556e+001,
       -2.1207763293458079e+001, -2.3641318113293362e+001,
       -2.5865714034633950e+001, -2.2884339866457019e+001,
       -1.9234850430809391e+001, -1.1680459562027256e+001,
       -2.6477998196695456e+000, 1.1699325466100014e+001,
       2.5571283087829492e+001, 2.9554648735370996e+001,
       3.2808020460544867e+001, 2.7260141777786732e+001,
       2.0242676733249574e+001, 1.0059526406137929e+001,
       4.8370319718885203e-002, -1.1714428973810037e+001,
       6.1296960503230604e+000, 1.4112904095990476e+001,
       2.1429570262199508e+001, 2.4520115334286384e+001,
       2.6594042641390725e+001, 2.2335024723795698e+001,
       1.7274466551162526e+001, 4.3667167635866777e+000,
       -8.7432003102440436e+000, -1.5447478593831462e+001,
       -2.1437605814228636e+001, -2.3104177457830634e+001,
       -2.4829229672652087e+001, -2.1333458244361747e+001,
       -1.7523311979473561e+001, -6.1173153604273232e+000,
       2.1940258914553439e+001, 1.4682586045321322e+001,
       6.6798197366382634e+000, -5.5826396071819948e+000,
       -1.7226260084314344e+001, -2.1291132359104129e+001,
       -2.5154241681732636e+001, -2.3581200435745671e+001,
       -2.1925746929421866e+001, -1.5885373968529478e+001,
       -9.2450309756750944e+000, 3.5474686528594792e+000,
       1.6371448566375516e+001, 2.1833661916938155e+001,
       2.6446868069194192e+001, 2.4828816006553730e+001 ]
nclusters: 19
weights: !!opencv-matrix
   rows: 1
   cols: 19
   dt: d
   data: [ 3.4372967188293801e-002, 5.1235616533654431e-002,
       7.2006450888356277e-002, 4.2743794960469969e-002,
       5.5970850366908818e-002, 2.8372555214119268e-002,
       6.0040219328791236e-002, 5.4135901523311790e-002,
       4.3118340522008906e-002, 3.4673748544532097e-002,
       5.0675916875670905e-002, 6.2246025427796899e-002,
       7.4582523556130917e-002, 7.0039137533723275e-002,
       6.2364466021643764e-002, 5.8076741070245436e-002,
       3.5781205372555865e-002, 4.9778522322227341e-002,
       5.9785016749558696e-002 ]
